Name: 5eil76
Seed: 0
Fitness: 3734.4382713993123
Time: 00:00:04.185
Name: 5eil76
Seed: 0
Fitness: 3734.4382713993123
Time: 00:00:06.298
Name: 5eil76
Seed: 0
Fitness: 3734.4382713993123
Time: 00:00:05.623
