Name: 5eil51
Seed: 0
Fitness: 2324.2066957631446
Time: 00:00:04.185
Name: 5eil51
Seed: 0
Fitness: 2324.2066957631446
Time: 00:00:06.298
Name: 5eil51
Seed: 0
Fitness: 2324.2066957631446
Time: 00:00:05.623
